0 0.373437 0.636111 0.578125 0.636111 0.578125 0.705556 0.373437 0.705556
0 0.206250 0.319444 0.432812 0.319444 0.432812 0.400000 0.206250 0.400000
0 0.103125 0.758333 0.237500 0.758333 0.237500 0.805556 0.103125 0.805556
0 0.153125 0.666667 0.309375 0.666667 0.309375 0.741667 0.153125 0.741667
0 0.507812 0.266667 0.709375 0.266667 0.709375 0.338889 0.507812 0.338889
0 0.507812 0.552778 0.737500 0.552778 0.737500 0.613889 0.507812 0.613889
0 0.473438 0.833333 0.600000 0.833333 0.600000 0.880556 0.473438 0.880556
0 0.576562 0.602778 0.851562 0.602778 0.851562 0.663889 0.576562 0.663889
3 0.590625 0.244444 0.629687 0.244444 0.629687 0.461111 0.590625 0.461111
3 0.742188 0.277778 0.781250 0.277778 0.781250 0.525000 0.742188 0.525000
3 0.051562 0.352778 0.090625 0.352778 0.090625 0.608333 0.051562 0.608333
4 0.873437 0.641667 0.895312 0.575000 0.917188 0.641667
4 0.539062 0.925000 0.560937 0.858333 0.582812 0.925000
6 0.348438 0.805556 0.398438 0.805556 0.398438 0.966667 0.348438 0.966667
9 0.675000 0.708333 0.725000 0.708333 0.725000 0.775000 0.675000 0.775000
10 0.925000 0.636111 0.943750 0.636111 0.943750 0.669444 0.925000 0.669444
