0 0.171875 0.769444 0.421875 0.769444 0.421875 0.850000 0.171875 0.850000
0 0.401562 0.758333 0.639062 0.758333 0.639062 0.836111 0.401562 0.836111
0 0.575000 0.622222 0.828125 0.622222 0.828125 0.688889 0.575000 0.688889
0 0.532813 0.444444 0.687500 0.444444 0.687500 0.522222 0.532813 0.522222
3 0.796875 0.480556 0.835938 0.480556 0.835938 0.758333 0.796875 0.758333
4 0.501563 0.605556 0.523438 0.538889 0.545312 0.605556
4 0.625000 0.925000 0.646875 0.858333 0.668750 0.925000
4 0.179688 0.786111 0.201563 0.719444 0.223438 0.786111
6 0.768750 0.805556 0.818750 0.805556 0.818750 0.966667 0.768750 0.966667
9 0.137500 0.205556 0.187500 0.205556 0.187500 0.272222 0.137500 0.272222
9 0.667188 0.755556 0.717187 0.755556 0.717187 0.822222 0.667188 0.822222
10 0.184375 0.541667 0.203125 0.541667 0.203125 0.575000 0.184375 0.575000
10 0.206250 0.519444 0.225000 0.519444 0.225000 0.552778 0.206250 0.552778
