0 0.382812 0.444444 0.590625 0.444444 0.590625 0.494444 0.382812 0.494444
0 0.360938 0.711111 0.526563 0.711111 0.526563 0.786111 0.360938 0.786111
0 0.431250 0.772222 0.678125 0.772222 0.678125 0.852778 0.431250 0.852778
0 0.709375 0.744444 0.979688 0.744444 0.979688 0.786111 0.709375 0.786111
3 0.267188 0.533333 0.306250 0.533333 0.306250 0.736111 0.267188 0.736111
3 0.565625 0.636111 0.604688 0.636111 0.604688 0.886111 0.565625 0.886111
3 0.887500 0.433333 0.926562 0.433333 0.926562 0.655556 0.887500 0.655556
4 0.796875 0.944444 0.818750 0.877778 0.840625 0.944444
4 0.609375 0.952778 0.631250 0.886111 0.653125 0.952778
6 0.596875 0.805556 0.646875 0.805556 0.646875 0.966667 0.596875 0.966667
9 0.500000 0.600000 0.550000 0.600000 0.550000 0.666667 0.500000 0.666667
9 0.851562 0.302778 0.901563 0.302778 0.901563 0.369444 0.851562 0.369444
9 0.471875 0.363889 0.521875 0.363889 0.521875 0.430556 0.471875 0.430556
10 0.539062 0.241667 0.557813 0.241667 0.557813 0.275000 0.539062 0.275000
10 0.537500 0.630556 0.556250 0.630556 0.556250 0.663889 0.537500 0.663889
10 0.523438 0.583333 0.542188 0.583333 0.542188 0.616667 0.523438 0.616667
