0 0.437500 0.380556 0.585938 0.380556 0.585938 0.436111 0.437500 0.436111
0 0.664062 0.319444 0.835938 0.319444 0.835938 0.400000 0.664062 0.400000
0 0.051562 0.477778 0.285938 0.477778 0.285938 0.547222 0.051562 0.547222
0 0.404687 0.791667 0.639062 0.791667 0.639062 0.841667 0.404687 0.841667
0 0.520312 0.283333 0.657813 0.283333 0.657813 0.347222 0.520312 0.347222
0 0.348438 0.730556 0.617188 0.730556 0.617188 0.811111 0.348438 0.811111
3 0.703125 0.455556 0.742188 0.455556 0.742188 0.766667 0.703125 0.766667
3 0.164062 0.255556 0.203125 0.255556 0.203125 0.477778 0.164062 0.477778
3 0.164062 0.486111 0.203125 0.486111 0.203125 0.733333 0.164062 0.733333
4 0.267188 0.958333 0.289062 0.891667 0.310937 0.958333
4 0.353125 0.658333 0.375000 0.591667 0.396875 0.658333
4 0.754687 0.922222 0.776563 0.855556 0.798438 0.922222
6 0.118750 0.805556 0.168750 0.805556 0.168750 0.966667 0.118750 0.966667
9 0.906250 0.275000 0.956250 0.275000 0.956250 0.341667 0.906250 0.341667
10 0.325000 0.197222 0.343750 0.197222 0.343750 0.230556 0.325000 0.230556
10 0.578125 0.747222 0.596875 0.747222 0.596875 0.780556 0.578125 0.780556
