0 0.256250 0.572222 0.500000 0.572222 0.500000 0.652778 0.256250 0.652778
0 0.259375 0.602778 0.385937 0.602778 0.385937 0.650000 0.259375 0.650000
0 0.375000 0.316667 0.551562 0.316667 0.551562 0.386111 0.375000 0.386111
0 0.642188 0.508333 0.839063 0.508333 0.839063 0.550000 0.642188 0.550000
3 0.128125 0.569444 0.167187 0.569444 0.167187 0.833333 0.128125 0.833333
3 0.357812 0.422222 0.396875 0.422222 0.396875 0.686111 0.357812 0.686111
4 0.179688 0.838889 0.201563 0.772222 0.223438 0.838889
4 0.868750 0.886111 0.890625 0.819444 0.912500 0.886111
4 0.509375 0.650000 0.531250 0.583333 0.553125 0.650000
6 0.235937 0.805556 0.285938 0.805556 0.285938 0.966667 0.235937 0.966667
9 0.707812 0.430556 0.757812 0.430556 0.757812 0.497222 0.707812 0.497222
10 0.646875 0.619444 0.665625 0.619444 0.665625 0.652778 0.646875 0.652778
10 0.292187 0.222222 0.310937 0.222222 0.310937 0.255556 0.292187 0.255556
