0 0.081250 0.730556 0.360938 0.730556 0.360938 0.808333 0.081250 0.808333
0 0.059375 0.430556 0.223438 0.430556 0.223438 0.472222 0.059375 0.472222
0 0.664062 0.363889 0.796875 0.363889 0.796875 0.430556 0.664062 0.430556
0 0.278125 0.586111 0.481250 0.586111 0.481250 0.666667 0.278125 0.666667
0 0.232813 0.247222 0.507812 0.247222 0.507812 0.302778 0.232813 0.302778
3 0.617188 0.200000 0.656250 0.200000 0.656250 0.519444 0.617188 0.519444
3 0.576562 0.358333 0.615625 0.358333 0.615625 0.544444 0.576562 0.544444
4 0.760938 0.850000 0.782813 0.783333 0.804688 0.850000
4 0.765625 0.838889 0.787500 0.772222 0.809375 0.838889
4 0.604688 0.697222 0.626563 0.630556 0.648438 0.697222
6 0.825000 0.805556 0.875000 0.805556 0.875000 0.966667 0.825000 0.966667
9 0.873437 0.427778 0.923438 0.427778 0.923438 0.494444 0.873437 0.494444
9 0.907813 0.355556 0.957812 0.355556 0.957812 0.422222 0.907813 0.422222
9 0.209375 0.683333 0.259375 0.683333 0.259375 0.750000 0.209375 0.750000
10 0.187500 0.388889 0.206250 0.388889 0.206250 0.422222 0.187500 0.422222
10 0.350000 0.469444 0.368750 0.469444 0.368750 0.502778 0.350000 0.502778
