0 0.248438 0.577778 0.481250 0.577778 0.481250 0.658333 0.248438 0.658333
0 0.381250 0.277778 0.625000 0.277778 0.625000 0.319444 0.381250 0.319444
0 0.376563 0.744444 0.565625 0.744444 0.565625 0.805556 0.376563 0.805556
0 0.051562 0.286111 0.221875 0.286111 0.221875 0.325000 0.051562 0.325000
0 0.642188 0.700000 0.820312 0.700000 0.820312 0.741667 0.642188 0.741667
0 0.640625 0.758333 0.800000 0.758333 0.800000 0.838889 0.640625 0.838889
0 0.445312 0.683333 0.657813 0.683333 0.657813 0.744444 0.445312 0.744444
3 0.743750 0.616667 0.782813 0.616667 0.782813 0.927778 0.743750 0.927778
4 0.207813 0.900000 0.229687 0.833333 0.251563 0.900000
4 0.618750 0.855556 0.640625 0.788889 0.662500 0.855556
4 0.595313 0.794444 0.617188 0.727778 0.639062 0.794444
4 0.229687 0.680556 0.251563 0.613889 0.273438 0.680556
6 0.557813 0.805556 0.607812 0.805556 0.607812 0.966667 0.557813 0.966667
9 0.870313 0.369444 0.920312 0.369444 0.920312 0.436111 0.870313 0.436111
9 0.718750 0.744444 0.768750 0.744444 0.768750 0.811111 0.718750 0.811111
10 0.120313 0.405556 0.139063 0.405556 0.139063 0.438889 0.120313 0.438889
10 0.203125 0.305556 0.221875 0.305556 0.221875 0.338889 0.203125 0.338889
10 0.465625 0.311111 0.484375 0.311111 0.484375 0.344444 0.465625 0.344444
