0 0.287500 0.294444 0.428125 0.294444 0.428125 0.361111 0.287500 0.361111
0 0.559375 0.430556 0.745313 0.430556 0.745313 0.508333 0.559375 0.508333
0 0.512500 0.730556 0.721875 0.730556 0.721875 0.783333 0.512500 0.783333
0 0.582812 0.536111 0.776563 0.536111 0.776563 0.613889 0.582812 0.613889
0 0.064062 0.738889 0.259375 0.738889 0.259375 0.813889 0.064062 0.813889
0 0.250000 0.675000 0.385937 0.675000 0.385937 0.719444 0.250000 0.719444
3 0.695312 0.425000 0.734375 0.425000 0.734375 0.680556 0.695312 0.680556
3 0.301563 0.186111 0.340625 0.186111 0.340625 0.377778 0.301563 0.377778
3 0.746875 0.188889 0.785937 0.188889 0.785937 0.377778 0.746875 0.377778
4 0.439063 0.825000 0.460938 0.758333 0.482812 0.825000
6 0.609375 0.805556 0.659375 0.805556 0.659375 0.966667 0.609375 0.966667
9 0.129688 0.594444 0.179688 0.594444 0.179688 0.661111 0.129688 0.661111
9 0.323437 0.647222 0.373437 0.647222 0.373437 0.713889 0.323437 0.713889
10 0.654687 0.347222 0.673438 0.347222 0.673438 0.380556 0.654687 0.380556
10 0.771875 0.625000 0.790625 0.625000 0.790625 0.658333 0.771875 0.658333
