0 0.395313 0.822222 0.579688 0.822222 0.579688 0.877778 0.395313 0.877778
0 0.337500 0.827778 0.557813 0.827778 0.557813 0.875000 0.337500 0.875000
0 0.220312 0.491667 0.459375 0.491667 0.459375 0.561111 0.220312 0.561111
0 0.490625 0.430556 0.754687 0.430556 0.754687 0.494444 0.490625 0.494444
0 0.048438 0.811111 0.304688 0.811111 0.304688 0.883333 0.048438 0.883333
0 0.250000 0.227778 0.487500 0.227778 0.487500 0.269444 0.250000 0.269444
3 0.840625 0.369444 0.879687 0.369444 0.879687 0.672222 0.840625 0.672222
3 0.414062 0.597222 0.453125 0.597222 0.453125 0.905556 0.414062 0.905556
3 0.609375 0.322222 0.648438 0.322222 0.648438 0.600000 0.609375 0.600000
4 0.462500 0.663889 0.484375 0.597222 0.506250 0.663889
4 0.217188 0.594444 0.239063 0.527778 0.260937 0.594444
6 0.525000 0.805556 0.575000 0.805556 0.575000 0.966667 0.525000 0.966667
9 0.131250 0.577778 0.181250 0.577778 0.181250 0.644444 0.131250 0.644444
9 0.660937 0.686111 0.710938 0.686111 0.710938 0.752778 0.660937 0.752778
10 0.206250 0.727778 0.225000 0.727778 0.225000 0.761111 0.206250 0.761111
