0 0.579688 0.558333 0.717187 0.558333 0.717187 0.602778 0.579688 0.602778
0 0.695312 0.280556 0.837500 0.280556 0.837500 0.355556 0.695312 0.355556
0 0.107813 0.750000 0.379688 0.750000 0.379688 0.819444 0.107813 0.819444
0 0.679688 0.313889 0.915625 0.313889 0.915625 0.355556 0.679688 0.355556
0 0.500000 0.619444 0.735938 0.619444 0.735938 0.686111 0.500000 0.686111
3 0.242188 0.458333 0.281250 0.458333 0.281250 0.686111 0.242188 0.686111
3 0.723437 0.202778 0.762500 0.202778 0.762500 0.419444 0.723437 0.419444
3 0.545312 0.416667 0.584375 0.416667 0.584375 0.600000 0.545312 0.600000
4 0.309375 0.908333 0.331250 0.841667 0.353125 0.908333
4 0.420312 0.641667 0.442188 0.575000 0.464062 0.641667
6 0.590625 0.805556 0.640625 0.805556 0.640625 0.966667 0.590625 0.966667
9 0.665625 0.247222 0.715625 0.247222 0.715625 0.313889 0.665625 0.313889
9 0.523438 0.572222 0.573438 0.572222 0.573438 0.638889 0.523438 0.638889
9 0.439063 0.738889 0.489063 0.738889 0.489063 0.805556 0.439063 0.805556
10 0.103125 0.513889 0.121875 0.513889 0.121875 0.547222 0.103125 0.547222
10 0.489063 0.102778 0.507812 0.102778 0.507812 0.136111 0.489063 0.136111
