0 0.262500 0.302778 0.467187 0.302778 0.467187 0.341667 0.262500 0.341667
0 0.290625 0.341667 0.539062 0.341667 0.539062 0.419444 0.290625 0.419444
0 0.695312 0.711111 0.892188 0.711111 0.892188 0.755556 0.695312 0.755556
0 0.379688 0.822222 0.525000 0.822222 0.525000 0.880556 0.379688 0.880556
0 0.379688 0.638889 0.584375 0.638889 0.584375 0.722222 0.379688 0.722222
0 0.093750 0.502778 0.279687 0.502778 0.279687 0.569444 0.093750 0.569444
0 0.207813 0.458333 0.487500 0.458333 0.487500 0.511111 0.207813 0.511111
3 0.862500 0.616667 0.901563 0.616667 0.901563 0.802778 0.862500 0.802778
4 0.620313 0.813889 0.642188 0.747222 0.664062 0.813889
4 0.298438 0.733333 0.320312 0.666667 0.342187 0.733333
6 0.195312 0.805556 0.245312 0.805556 0.245312 0.966667 0.195312 0.966667
9 0.487500 0.305556 0.537500 0.305556 0.537500 0.372222 0.487500 0.372222
10 0.306250 0.622222 0.325000 0.622222 0.325000 0.655556 0.306250 0.655556
