0 0.320312 0.672222 0.535937 0.672222 0.535937 0.722222 0.320312 0.722222
0 0.378125 0.347222 0.648438 0.347222 0.648438 0.430556 0.378125 0.430556
0 0.551562 0.413889 0.798438 0.413889 0.798438 0.494444 0.551562 0.494444
0 0.403125 0.530556 0.673438 0.530556 0.673438 0.591667 0.403125 0.591667
0 0.289062 0.827778 0.462500 0.827778 0.462500 0.872222 0.289062 0.872222
0 0.253125 0.541667 0.426563 0.541667 0.426563 0.619444 0.253125 0.619444
0 0.485938 0.655556 0.743750 0.655556 0.743750 0.727778 0.485938 0.727778
3 0.092188 0.516667 0.131250 0.516667 0.131250 0.833333 0.092188 0.833333
3 0.565625 0.294444 0.604688 0.294444 0.604688 0.547222 0.565625 0.547222
4 0.629687 0.750000 0.651563 0.683333 0.673438 0.750000
4 0.606250 0.763889 0.628125 0.697222 0.650000 0.763889
6 0.471875 0.805556 0.521875 0.805556 0.521875 0.966667 0.471875 0.966667
9 0.093750 0.533333 0.143750 0.533333 0.143750 0.600000 0.093750 0.600000
9 0.382812 0.225000 0.432812 0.225000 0.432812 0.291667 0.382812 0.291667
9 0.464062 0.677778 0.514062 0.677778 0.514062 0.744444 0.464062 0.744444
10 0.843750 0.477778 0.862500 0.477778 0.862500 0.511111 0.843750 0.511111
10 0.446875 0.572222 0.465625 0.572222 0.465625 0.605556 0.446875 0.605556
