0 0.043750 0.669444 0.270313 0.669444 0.270313 0.727778 0.043750 0.727778
0 0.604688 0.322222 0.787500 0.322222 0.787500 0.397222 0.604688 0.397222
0 0.031250 0.658333 0.226562 0.658333 0.226562 0.716667 0.031250 0.716667
0 0.487500 0.516667 0.648438 0.516667 0.648438 0.561111 0.487500 0.561111
0 0.450000 0.477778 0.587500 0.477778 0.587500 0.561111 0.450000 0.561111
0 0.465625 0.580556 0.746875 0.580556 0.746875 0.663889 0.465625 0.663889
0 0.473438 0.236111 0.675000 0.236111 0.675000 0.316667 0.473438 0.316667
0 0.065625 0.672222 0.267188 0.672222 0.267188 0.741667 0.065625 0.741667
3 0.071875 0.419444 0.110937 0.419444 0.110937 0.725000 0.071875 0.725000
3 0.154688 0.411111 0.193750 0.411111 0.193750 0.619444 0.154688 0.619444
4 0.593750 0.661111 0.615625 0.594444 0.637500 0.661111
6 0.101562 0.805556 0.151562 0.805556 0.151562 0.966667 0.101562 0.966667
9 0.618750 0.744444 0.668750 0.744444 0.668750 0.811111 0.618750 0.811111
9 0.357812 0.755556 0.407813 0.755556 0.407813 0.822222 0.357812 0.822222
10 0.804688 0.577778 0.823438 0.577778 0.823438 0.611111 0.804688 0.611111
10 0.828125 0.530556 0.846875 0.530556 0.846875 0.563889 0.828125 0.563889
10 0.353125 0.658333 0.371875 0.658333 0.371875 0.691667 0.353125 0.691667
