0 0.585938 0.433333 0.715625 0.433333 0.715625 0.475000 0.585938 0.475000
0 0.290625 0.786111 0.426563 0.786111 0.426563 0.850000 0.290625 0.850000
0 0.317188 0.486111 0.528125 0.486111 0.528125 0.536111 0.317188 0.536111
0 0.226562 0.597222 0.432812 0.597222 0.432812 0.650000 0.226562 0.650000
0 0.167187 0.344444 0.307812 0.344444 0.307812 0.416667 0.167187 0.416667
3 0.431250 0.519444 0.470313 0.519444 0.470313 0.847222 0.431250 0.847222
3 0.275000 0.330556 0.314063 0.330556 0.314063 0.577778 0.275000 0.577778
3 0.453125 0.491667 0.492188 0.491667 0.492188 0.702778 0.453125 0.702778
4 0.806250 0.769444 0.828125 0.702778 0.850000 0.769444
6 0.904687 0.805556 0.954688 0.805556 0.954688 0.966667 0.904687 0.966667
9 0.195312 0.480556 0.245312 0.480556 0.245312 0.547222 0.195312 0.547222
10 0.540625 0.536111 0.559375 0.536111 0.559375 0.569444 0.540625 0.569444
10 0.740625 0.572222 0.759375 0.572222 0.759375 0.605556 0.740625 0.605556
