0 0.046875 0.255556 0.328125 0.255556 0.328125 0.322222 0.046875 0.322222
0 0.225000 0.311111 0.506250 0.311111 0.506250 0.366667 0.225000 0.366667
0 0.085938 0.811111 0.362500 0.811111 0.362500 0.866667 0.085938 0.866667
0 0.500000 0.375000 0.670312 0.375000 0.670312 0.441667 0.500000 0.441667
0 0.650000 0.325000 0.931250 0.325000 0.931250 0.363889 0.650000 0.363889
0 0.251563 0.830556 0.404687 0.830556 0.404687 0.880556 0.251563 0.880556
0 0.462500 0.400000 0.621875 0.400000 0.621875 0.447222 0.462500 0.447222
0 0.559375 0.238889 0.709375 0.238889 0.709375 0.277778 0.559375 0.277778
3 0.426563 0.583333 0.465625 0.583333 0.465625 0.805556 0.426563 0.805556
3 0.071875 0.288889 0.110937 0.288889 0.110937 0.500000 0.071875 0.500000
4 0.264062 0.863889 0.285938 0.797222 0.307812 0.863889
6 0.871875 0.805556 0.921875 0.805556 0.921875 0.966667 0.871875 0.966667
9 0.179688 0.502778 0.229687 0.502778 0.229687 0.569444 0.179688 0.569444
10 0.640625 0.447222 0.659375 0.447222 0.659375 0.480556 0.640625 0.480556
10 0.235937 0.402778 0.254688 0.402778 0.254688 0.436111 0.235937 0.436111
