0 0.517188 0.672222 0.675000 0.672222 0.675000 0.730556 0.517188 0.730556
0 0.160938 0.550000 0.360938 0.550000 0.360938 0.611111 0.160938 0.611111
0 0.542188 0.711111 0.778125 0.711111 0.778125 0.769444 0.542188 0.769444
0 0.578125 0.452778 0.856250 0.452778 0.856250 0.494444 0.578125 0.494444
3 0.096875 0.388889 0.135937 0.388889 0.135937 0.625000 0.096875 0.625000
4 0.167187 0.716667 0.189062 0.650000 0.210938 0.716667
4 0.565625 0.716667 0.587500 0.650000 0.609375 0.716667
4 0.860938 0.847222 0.882812 0.780556 0.904687 0.847222
6 0.764062 0.805556 0.814063 0.805556 0.814063 0.966667 0.764062 0.966667
9 0.501563 0.263889 0.551562 0.263889 0.551562 0.330556 0.501563 0.330556
10 0.923438 0.269444 0.942187 0.269444 0.942187 0.302778 0.923438 0.302778
