0 0.528125 0.600000 0.657813 0.600000 0.657813 0.672222 0.528125 0.672222
0 0.504687 0.622222 0.760938 0.622222 0.760938 0.661111 0.504687 0.661111
0 0.096875 0.677778 0.306250 0.677778 0.306250 0.727778 0.096875 0.727778
0 0.400000 0.350000 0.534375 0.350000 0.534375 0.411111 0.400000 0.411111
0 0.334375 0.452778 0.501563 0.452778 0.501563 0.530556 0.334375 0.530556
3 0.585938 0.436111 0.625000 0.436111 0.625000 0.650000 0.585938 0.650000
3 0.720313 0.344444 0.759375 0.344444 0.759375 0.658333 0.720313 0.658333
4 0.814063 0.577778 0.835938 0.511111 0.857812 0.577778
6 0.893750 0.805556 0.943750 0.805556 0.943750 0.966667 0.893750 0.966667
9 0.637500 0.325000 0.687500 0.325000 0.687500 0.391667 0.637500 0.391667
10 0.171875 0.636111 0.190625 0.636111 0.190625 0.669444 0.171875 0.669444
10 0.126562 0.619444 0.145313 0.619444 0.145313 0.652778 0.126562 0.652778
10 0.110937 0.258333 0.129688 0.258333 0.129688 0.291667 0.110937 0.291667
