0 0.375000 0.300000 0.556250 0.300000 0.556250 0.380556 0.375000 0.380556
0 0.451562 0.694444 0.637500 0.694444 0.637500 0.736111 0.451562 0.736111
0 0.206250 0.502778 0.450000 0.502778 0.450000 0.544444 0.206250 0.544444
0 0.035937 0.366667 0.220312 0.366667 0.220312 0.422222 0.035937 0.422222
0 0.643750 0.319444 0.920312 0.319444 0.920312 0.380556 0.643750 0.380556
0 0.262500 0.452778 0.410938 0.452778 0.410938 0.491667 0.262500 0.491667
3 0.734375 0.288889 0.773438 0.288889 0.773438 0.477778 0.734375 0.477778
3 0.654687 0.544444 0.693750 0.544444 0.693750 0.836111 0.654687 0.836111
4 0.862500 0.963889 0.884375 0.897222 0.906250 0.963889
4 0.628125 0.616667 0.650000 0.550000 0.671875 0.616667
6 0.665625 0.805556 0.715625 0.805556 0.715625 0.966667 0.665625 0.966667
9 0.145313 0.475000 0.195312 0.475000 0.195312 0.541667 0.145313 0.541667
9 0.107813 0.491667 0.157812 0.491667 0.157812 0.558333 0.107813 0.558333
9 0.201563 0.777778 0.251563 0.777778 0.251563 0.844444 0.201563 0.844444
10 0.748437 0.488889 0.767188 0.488889 0.767188 0.522222 0.748437 0.522222
10 0.709375 0.586111 0.728125 0.586111 0.728125 0.619444 0.709375 0.619444
