0 0.248438 0.719444 0.525000 0.719444 0.525000 0.783333 0.248438 0.783333
0 0.301563 0.469444 0.426563 0.469444 0.426563 0.522222 0.301563 0.522222
0 0.145313 0.622222 0.401562 0.622222 0.401562 0.694444 0.145313 0.694444
0 0.085938 0.322222 0.357812 0.322222 0.357812 0.361111 0.085938 0.361111
0 0.103125 0.752778 0.332813 0.752778 0.332813 0.808333 0.103125 0.808333
3 0.717187 0.488889 0.756250 0.488889 0.756250 0.713889 0.717187 0.713889
3 0.298438 0.427778 0.337500 0.427778 0.337500 0.647222 0.298438 0.647222
4 0.196875 0.602778 0.218750 0.536111 0.240625 0.602778
4 0.310937 0.677778 0.332813 0.611111 0.354687 0.677778
4 0.140625 0.622222 0.162500 0.555556 0.184375 0.622222
6 0.465625 0.805556 0.515625 0.805556 0.515625 0.966667 0.465625 0.966667
9 0.756250 0.511111 0.806250 0.511111 0.806250 0.577778 0.756250 0.577778
9 0.784375 0.461111 0.834375 0.461111 0.834375 0.527778 0.784375 0.527778
10 0.406250 0.619444 0.425000 0.619444 0.425000 0.652778 0.406250 0.652778
10 0.881250 0.163889 0.900000 0.163889 0.900000 0.197222 0.881250 0.197222
