0 0.678125 0.338889 0.946875 0.338889 0.946875 0.416667 0.678125 0.416667
0 0.065625 0.513889 0.262500 0.513889 0.262500 0.572222 0.065625 0.572222
0 0.385937 0.655556 0.567187 0.655556 0.567187 0.733333 0.385937 0.733333
0 0.217188 0.600000 0.389062 0.600000 0.389062 0.663889 0.217188 0.663889
0 0.678125 0.777778 0.896875 0.777778 0.896875 0.833333 0.678125 0.833333
0 0.325000 0.702778 0.564063 0.702778 0.564063 0.780556 0.325000 0.780556
0 0.400000 0.766667 0.581250 0.766667 0.581250 0.838889 0.400000 0.838889
0 0.432812 0.597222 0.640625 0.597222 0.640625 0.650000 0.432812 0.650000
3 0.267188 0.344444 0.306250 0.344444 0.306250 0.519444 0.267188 0.519444
4 0.656250 0.958333 0.678125 0.891667 0.700000 0.958333
4 0.226562 0.933333 0.248438 0.866667 0.270313 0.933333
4 0.260937 0.766667 0.282813 0.700000 0.304688 0.766667
4 0.195312 0.680556 0.217188 0.613889 0.239063 0.680556
6 0.467187 0.805556 0.517188 0.805556 0.517188 0.966667 0.467187 0.966667
9 0.898438 0.269444 0.948438 0.269444 0.948438 0.336111 0.898438 0.336111
9 0.776563 0.230556 0.826562 0.230556 0.826562 0.297222 0.776563 0.297222
10 0.782813 0.711111 0.801562 0.711111 0.801562 0.744444 0.782813 0.744444
