0 0.292187 0.752778 0.500000 0.752778 0.500000 0.805556 0.292187 0.805556
0 0.190625 0.313889 0.471875 0.313889 0.471875 0.383333 0.190625 0.383333
0 0.454688 0.577778 0.632812 0.577778 0.632812 0.630556 0.454688 0.630556
0 0.235937 0.808333 0.456250 0.808333 0.456250 0.872222 0.235937 0.872222
0 0.628125 0.461111 0.775000 0.461111 0.775000 0.538889 0.628125 0.538889
0 0.090625 0.322222 0.365625 0.322222 0.365625 0.380556 0.090625 0.380556
3 0.681250 0.561111 0.720313 0.561111 0.720313 0.791667 0.681250 0.791667
3 0.190625 0.447222 0.229687 0.447222 0.229687 0.613889 0.190625 0.613889
3 0.468750 0.547222 0.507812 0.547222 0.507812 0.733333 0.468750 0.733333
4 0.651563 0.752778 0.673438 0.686111 0.695312 0.752778
4 0.671875 0.830556 0.693750 0.763889 0.715625 0.830556
4 0.234375 0.730556 0.256250 0.663889 0.278125 0.730556
4 0.815625 0.583333 0.837500 0.516667 0.859375 0.583333
6 0.554688 0.805556 0.604688 0.805556 0.604688 0.966667 0.554688 0.966667
9 0.431250 0.625000 0.481250 0.625000 0.481250 0.691667 0.431250 0.691667
9 0.178125 0.616667 0.228125 0.616667 0.228125 0.683333 0.178125 0.683333
9 0.820312 0.663889 0.870313 0.663889 0.870313 0.730556 0.820312 0.730556
10 0.715625 0.163889 0.734375 0.163889 0.734375 0.197222 0.715625 0.197222
10 0.285938 0.113889 0.304688 0.113889 0.304688 0.147222 0.285938 0.147222
