0 0.554688 0.711111 0.679688 0.711111 0.679688 0.758333 0.554688 0.758333
0 0.653125 0.522222 0.821875 0.522222 0.821875 0.575000 0.653125 0.575000
0 0.673438 0.716667 0.901563 0.716667 0.901563 0.794444 0.673438 0.794444
0 0.070312 0.616667 0.243750 0.616667 0.243750 0.663889 0.070312 0.663889
0 0.395313 0.316667 0.612500 0.316667 0.612500 0.400000 0.395313 0.400000
3 0.553125 0.480556 0.592187 0.480556 0.592187 0.755556 0.553125 0.755556
3 0.853125 0.469444 0.892188 0.469444 0.892188 0.783333 0.853125 0.783333
3 0.759375 0.277778 0.798438 0.277778 0.798438 0.575000 0.759375 0.575000
4 0.781250 0.750000 0.803125 0.683333 0.825000 0.750000
4 0.457813 0.761111 0.479687 0.694444 0.501563 0.761111
4 0.895312 0.911111 0.917188 0.844444 0.939063 0.911111
4 0.443750 0.761111 0.465625 0.694444 0.487500 0.761111
6 0.734375 0.805556 0.784375 0.805556 0.784375 0.966667 0.734375 0.966667
9 0.534375 0.333333 0.584375 0.333333 0.584375 0.400000 0.534375 0.400000
10 0.598437 0.308333 0.617188 0.308333 0.617188 0.341667 0.598437 0.341667
10 0.926562 0.138889 0.945312 0.138889 0.945312 0.172222 0.926562 0.172222
