0 0.310937 0.441667 0.565625 0.441667 0.565625 0.513889 0.310937 0.513889
0 0.134375 0.644444 0.400000 0.644444 0.400000 0.688889 0.134375 0.688889
0 0.278125 0.619444 0.478125 0.619444 0.478125 0.686111 0.278125 0.686111
0 0.681250 0.311111 0.939063 0.311111 0.939063 0.394444 0.681250 0.394444
0 0.104688 0.680556 0.362500 0.680556 0.362500 0.755556 0.104688 0.755556
3 0.625000 0.177778 0.664062 0.177778 0.664062 0.408333 0.625000 0.408333
3 0.540625 0.294444 0.579688 0.294444 0.579688 0.627778 0.540625 0.627778
3 0.389062 0.408333 0.428125 0.408333 0.428125 0.741667 0.389062 0.741667
4 0.368750 0.725000 0.390625 0.658333 0.412500 0.725000
4 0.281250 0.675000 0.303125 0.608333 0.325000 0.675000
4 0.185938 0.775000 0.207813 0.708333 0.229687 0.775000
4 0.223438 0.925000 0.245312 0.858333 0.267188 0.925000
6 0.893750 0.805556 0.943750 0.805556 0.943750 0.966667 0.893750 0.966667
9 0.920312 0.191667 0.970313 0.191667 0.970313 0.258333 0.920312 0.258333
9 0.615625 0.711111 0.665625 0.711111 0.665625 0.777778 0.615625 0.777778
9 0.287500 0.588889 0.337500 0.588889 0.337500 0.655556 0.287500 0.655556
10 0.307812 0.197222 0.326562 0.197222 0.326562 0.230556 0.307812 0.230556
10 0.351562 0.672222 0.370312 0.672222 0.370312 0.705556 0.351562 0.705556
