0 0.489063 0.319444 0.718750 0.319444 0.718750 0.388889 0.489063 0.388889
0 0.348438 0.444444 0.603125 0.444444 0.603125 0.505556 0.348438 0.505556
0 0.229687 0.302778 0.359375 0.302778 0.359375 0.355556 0.229687 0.355556
0 0.429688 0.588889 0.631250 0.588889 0.631250 0.636111 0.429688 0.636111
3 0.462500 0.666667 0.501563 0.666667 0.501563 0.911111 0.462500 0.911111
3 0.389062 0.600000 0.428125 0.600000 0.428125 0.816667 0.389062 0.816667
4 0.381250 0.652778 0.403125 0.586111 0.425000 0.652778
4 0.278125 0.616667 0.300000 0.550000 0.321875 0.616667
4 0.784375 0.688889 0.806250 0.622222 0.828125 0.688889
4 0.773438 0.627778 0.795312 0.561111 0.817187 0.627778
6 0.542188 0.805556 0.592187 0.805556 0.592187 0.966667 0.542188 0.966667
9 0.632812 0.669444 0.682813 0.669444 0.682813 0.736111 0.632812 0.736111
9 0.181250 0.555556 0.231250 0.555556 0.231250 0.622222 0.181250 0.622222
9 0.542188 0.377778 0.592187 0.377778 0.592187 0.444444 0.542188 0.444444
10 0.340625 0.647222 0.359375 0.647222 0.359375 0.680556 0.340625 0.680556
