0 0.648438 0.508333 0.875000 0.508333 0.875000 0.547222 0.648438 0.547222
0 0.556250 0.605556 0.773438 0.605556 0.773438 0.680556 0.556250 0.680556
0 0.073438 0.355556 0.301563 0.355556 0.301563 0.425000 0.073438 0.425000
0 0.528125 0.758333 0.751563 0.758333 0.751563 0.836111 0.528125 0.836111
3 0.371875 0.355556 0.410938 0.355556 0.410938 0.619444 0.371875 0.619444
4 0.521875 0.877778 0.543750 0.811111 0.565625 0.877778
4 0.837500 0.652778 0.859375 0.586111 0.881250 0.652778
6 0.076563 0.805556 0.126562 0.805556 0.126562 0.966667 0.076563 0.966667
9 0.460938 0.669444 0.510938 0.669444 0.510938 0.736111 0.460938 0.736111
9 0.331250 0.386111 0.381250 0.386111 0.381250 0.452778 0.331250 0.452778
9 0.100000 0.558333 0.150000 0.558333 0.150000 0.625000 0.100000 0.625000
10 0.210938 0.241667 0.229687 0.241667 0.229687 0.275000 0.210938 0.275000
10 0.243750 0.411111 0.262500 0.411111 0.262500 0.444444 0.243750 0.444444
