0 0.193750 0.708333 0.445312 0.708333 0.445312 0.769444 0.193750 0.769444
0 0.434375 0.569444 0.609375 0.569444 0.609375 0.611111 0.434375 0.611111
0 0.104688 0.672222 0.314063 0.672222 0.314063 0.733333 0.104688 0.733333
0 0.065625 0.222222 0.256250 0.222222 0.256250 0.272222 0.065625 0.272222
0 0.540625 0.408333 0.696875 0.408333 0.696875 0.486111 0.540625 0.486111
0 0.471875 0.722222 0.681250 0.722222 0.681250 0.761111 0.471875 0.761111
3 0.167187 0.655556 0.206250 0.655556 0.206250 0.980556 0.167187 0.980556
4 0.934375 0.591667 0.956250 0.525000 0.978125 0.591667
4 0.653125 0.980556 0.675000 0.913889 0.696875 0.980556
6 0.267188 0.805556 0.317188 0.805556 0.317188 0.966667 0.267188 0.966667
9 0.281250 0.194444 0.331250 0.194444 0.331250 0.261111 0.281250 0.261111
9 0.570312 0.425000 0.620313 0.425000 0.620313 0.491667 0.570312 0.491667
10 0.634375 0.230556 0.653125 0.230556 0.653125 0.263889 0.634375 0.263889
