0 0.131250 0.416667 0.264062 0.416667 0.264062 0.458333 0.131250 0.458333
0 0.473438 0.427778 0.737500 0.427778 0.737500 0.477778 0.473438 0.477778
0 0.540625 0.755556 0.762500 0.755556 0.762500 0.802778 0.540625 0.802778
0 0.040625 0.627778 0.221875 0.627778 0.221875 0.708333 0.040625 0.708333
0 0.414062 0.533333 0.606250 0.533333 0.606250 0.586111 0.414062 0.586111
0 0.071875 0.400000 0.292187 0.400000 0.292187 0.447222 0.071875 0.447222
0 0.687500 0.266667 0.892188 0.266667 0.892188 0.347222 0.687500 0.347222
0 0.089063 0.630556 0.339062 0.630556 0.339062 0.672222 0.089063 0.672222
3 0.284375 0.566667 0.323437 0.566667 0.323437 0.900000 0.284375 0.900000
4 0.198437 0.741667 0.220312 0.675000 0.242188 0.741667
4 0.251563 0.961111 0.273438 0.894444 0.295312 0.961111
4 0.728125 0.725000 0.750000 0.658333 0.771875 0.725000
6 0.867188 0.805556 0.917188 0.805556 0.917188 0.966667 0.867188 0.966667
9 0.798438 0.480556 0.848437 0.480556 0.848437 0.547222 0.798438 0.547222
9 0.553125 0.777778 0.603125 0.777778 0.603125 0.844444 0.553125 0.844444
10 0.748437 0.300000 0.767188 0.300000 0.767188 0.333333 0.748437 0.333333
10 0.157812 0.516667 0.176563 0.516667 0.176563 0.550000 0.157812 0.550000
10 0.220312 0.625000 0.239063 0.625000 0.239063 0.658333 0.220312 0.658333
