0 0.087500 0.586111 0.259375 0.586111 0.259375 0.647222 0.087500 0.647222
0 0.565625 0.566667 0.732812 0.566667 0.732812 0.616667 0.565625 0.616667
0 0.609375 0.627778 0.848437 0.627778 0.848437 0.708333 0.609375 0.708333
0 0.225000 0.777778 0.443750 0.777778 0.443750 0.852778 0.225000 0.852778
0 0.182812 0.288889 0.326562 0.288889 0.326562 0.363889 0.182812 0.363889
0 0.314063 0.522222 0.520312 0.522222 0.520312 0.600000 0.314063 0.600000
3 0.132812 0.644444 0.171875 0.644444 0.171875 0.925000 0.132812 0.925000
3 0.203125 0.208333 0.242188 0.208333 0.242188 0.444444 0.203125 0.444444
3 0.589063 0.241667 0.628125 0.241667 0.628125 0.450000 0.589063 0.450000
4 0.365625 0.947222 0.387500 0.880556 0.409375 0.947222
4 0.779687 0.663889 0.801562 0.597222 0.823438 0.663889
6 0.706250 0.805556 0.756250 0.805556 0.756250 0.966667 0.706250 0.966667
9 0.523438 0.494444 0.573438 0.494444 0.573438 0.561111 0.523438 0.561111
10 0.182812 0.397222 0.201563 0.397222 0.201563 0.430556 0.182812 0.430556
