0 0.435937 0.494444 0.653125 0.494444 0.653125 0.536111 0.435937 0.536111
0 0.390625 0.797222 0.629687 0.797222 0.629687 0.852778 0.390625 0.852778
0 0.287500 0.650000 0.506250 0.650000 0.506250 0.733333 0.287500 0.733333
0 0.151562 0.263889 0.365625 0.263889 0.365625 0.311111 0.151562 0.311111
0 0.679688 0.816667 0.871875 0.816667 0.871875 0.861111 0.679688 0.861111
0 0.434375 0.680556 0.593750 0.680556 0.593750 0.722222 0.434375 0.722222
0 0.228125 0.725000 0.440625 0.725000 0.440625 0.802778 0.228125 0.802778
0 0.450000 0.591667 0.696875 0.591667 0.696875 0.644444 0.450000 0.644444
3 0.642188 0.366667 0.681250 0.366667 0.681250 0.600000 0.642188 0.600000
3 0.700000 0.405556 0.739062 0.405556 0.739062 0.691667 0.700000 0.691667
4 0.596875 0.611111 0.618750 0.544444 0.640625 0.611111
6 0.557813 0.805556 0.607812 0.805556 0.607812 0.966667 0.557813 0.966667
9 0.695312 0.366667 0.745313 0.366667 0.745313 0.433333 0.695312 0.433333
10 0.301563 0.319444 0.320312 0.319444 0.320312 0.352778 0.301563 0.352778
10 0.192188 0.497222 0.210938 0.497222 0.210938 0.530556 0.192188 0.530556
