0 0.307812 0.588889 0.489063 0.588889 0.489063 0.633333 0.307812 0.633333
0 0.231250 0.361111 0.482812 0.361111 0.482812 0.422222 0.231250 0.422222
0 0.131250 0.666667 0.315625 0.666667 0.315625 0.711111 0.131250 0.711111
0 0.432812 0.677778 0.590625 0.677778 0.590625 0.727778 0.432812 0.727778
0 0.167187 0.688889 0.415625 0.688889 0.415625 0.755556 0.167187 0.755556
3 0.112500 0.186111 0.151562 0.186111 0.151562 0.366667 0.112500 0.366667
3 0.118750 0.622222 0.157812 0.622222 0.157812 0.925000 0.118750 0.925000
3 0.470313 0.627778 0.509375 0.627778 0.509375 0.830556 0.470313 0.830556
4 0.110937 0.919444 0.132812 0.852778 0.154688 0.919444
4 0.934375 0.772222 0.956250 0.705556 0.978125 0.772222
4 0.545312 0.908333 0.567187 0.841667 0.589063 0.908333
4 0.453125 0.852778 0.475000 0.786111 0.496875 0.852778
6 0.506250 0.805556 0.556250 0.805556 0.556250 0.966667 0.506250 0.966667
9 0.193750 0.655556 0.243750 0.655556 0.243750 0.722222 0.193750 0.722222
9 0.173437 0.277778 0.223438 0.277778 0.223438 0.344444 0.173437 0.344444
10 0.726562 0.425000 0.745313 0.425000 0.745313 0.458333 0.726562 0.458333
10 0.804688 0.227778 0.823438 0.227778 0.823438 0.261111 0.804688 0.261111
