0 0.217188 0.830556 0.496875 0.830556 0.496875 0.905556 0.217188 0.905556
0 0.065625 0.447222 0.339062 0.447222 0.339062 0.527778 0.065625 0.527778
0 0.595313 0.797222 0.795312 0.797222 0.795312 0.869444 0.595313 0.869444
0 0.560937 0.783333 0.815625 0.783333 0.815625 0.833333 0.560937 0.833333
0 0.426563 0.247222 0.576562 0.247222 0.576562 0.330556 0.426563 0.330556
0 0.503125 0.455556 0.646875 0.455556 0.646875 0.533333 0.503125 0.533333
0 0.110937 0.594444 0.326562 0.594444 0.326562 0.633333 0.110937 0.633333
3 0.276562 0.455556 0.315625 0.455556 0.315625 0.775000 0.276562 0.775000
3 0.293750 0.219444 0.332813 0.219444 0.332813 0.469444 0.293750 0.469444
3 0.470313 0.405556 0.509375 0.405556 0.509375 0.680556 0.470313 0.680556
4 0.190625 0.800000 0.212500 0.733333 0.234375 0.800000
4 0.915625 0.836111 0.937500 0.769444 0.959375 0.836111
4 0.568750 0.911111 0.590625 0.844444 0.612500 0.911111
4 0.928125 0.591667 0.950000 0.525000 0.971875 0.591667
6 0.140625 0.805556 0.190625 0.805556 0.190625 0.966667 0.140625 0.966667
9 0.537500 0.327778 0.587500 0.327778 0.587500 0.394444 0.537500 0.394444
10 0.206250 0.391667 0.225000 0.391667 0.225000 0.425000 0.206250 0.425000
10 0.218750 0.622222 0.237500 0.622222 0.237500 0.655556 0.218750 0.655556
10 0.221875 0.397222 0.240625 0.397222 0.240625 0.430556 0.221875 0.430556
