0 0.701562 0.236111 0.950000 0.236111 0.950000 0.286111 0.701562 0.286111
0 0.221875 0.311111 0.440625 0.311111 0.440625 0.358333 0.221875 0.358333
0 0.481250 0.375000 0.698438 0.375000 0.698438 0.436111 0.481250 0.436111
0 0.643750 0.483333 0.801562 0.483333 0.801562 0.530556 0.643750 0.530556
0 0.653125 0.802778 0.809375 0.802778 0.809375 0.866667 0.653125 0.866667
3 0.087500 0.386111 0.126562 0.386111 0.126562 0.652778 0.087500 0.652778
4 0.696875 0.705556 0.718750 0.638889 0.740625 0.705556
4 0.182812 0.738889 0.204687 0.672222 0.226562 0.738889
4 0.225000 0.780556 0.246875 0.713889 0.268750 0.780556
4 0.254688 0.966667 0.276562 0.900000 0.298438 0.966667
6 0.096875 0.805556 0.146875 0.805556 0.146875 0.966667 0.096875 0.966667
9 0.762500 0.636111 0.812500 0.636111 0.812500 0.702778 0.762500 0.702778
9 0.670312 0.213889 0.720313 0.213889 0.720313 0.280556 0.670312 0.280556
10 0.607812 0.091667 0.626563 0.091667 0.626563 0.125000 0.607812 0.125000
10 0.734375 0.666667 0.753125 0.666667 0.753125 0.700000 0.734375 0.700000
10 0.845313 0.158333 0.864062 0.158333 0.864062 0.191667 0.845313 0.191667
