0 0.564063 0.294444 0.759375 0.294444 0.759375 0.369444 0.564063 0.369444
0 0.526563 0.752778 0.681250 0.752778 0.681250 0.811111 0.526563 0.811111
0 0.160938 0.788889 0.320312 0.788889 0.320312 0.863889 0.160938 0.863889
0 0.050000 0.347222 0.321875 0.347222 0.321875 0.413889 0.050000 0.413889
0 0.656250 0.513889 0.914062 0.513889 0.914062 0.572222 0.656250 0.572222
3 0.301563 0.663889 0.340625 0.663889 0.340625 0.847222 0.301563 0.847222
3 0.657813 0.191667 0.696875 0.191667 0.696875 0.508333 0.657813 0.508333
4 0.417187 0.708333 0.439063 0.641667 0.460938 0.708333
4 0.798438 0.813889 0.820312 0.747222 0.842187 0.813889
4 0.550000 0.727778 0.571875 0.661111 0.593750 0.727778
4 0.418750 0.583333 0.440625 0.516667 0.462500 0.583333
6 0.339062 0.805556 0.389062 0.805556 0.389062 0.966667 0.339062 0.966667
9 0.603125 0.363889 0.653125 0.363889 0.653125 0.430556 0.603125 0.430556
9 0.189062 0.713889 0.239063 0.713889 0.239063 0.780556 0.189062 0.780556
10 0.623437 0.538889 0.642188 0.538889 0.642188 0.572222 0.623437 0.572222
10 0.876563 0.366667 0.895312 0.366667 0.895312 0.400000 0.876563 0.400000
