0 0.303125 0.419444 0.457813 0.419444 0.457813 0.475000 0.303125 0.475000
0 0.640625 0.461111 0.785937 0.461111 0.785937 0.505556 0.640625 0.505556
0 0.334375 0.288889 0.529687 0.288889 0.529687 0.358333 0.334375 0.358333
0 0.514062 0.408333 0.646875 0.408333 0.646875 0.486111 0.514062 0.486111
0 0.459375 0.308333 0.659375 0.308333 0.659375 0.352778 0.459375 0.352778
0 0.471875 0.430556 0.721875 0.430556 0.721875 0.500000 0.471875 0.500000
0 0.492188 0.358333 0.757812 0.358333 0.757812 0.402778 0.492188 0.402778
3 0.410938 0.372222 0.450000 0.372222 0.450000 0.552778 0.410938 0.552778
4 0.223438 0.836111 0.245312 0.769444 0.267188 0.836111
4 0.506250 0.888889 0.528125 0.822222 0.550000 0.888889
6 0.614062 0.805556 0.664062 0.805556 0.664062 0.966667 0.614062 0.966667
9 0.670312 0.416667 0.720313 0.416667 0.720313 0.483333 0.670312 0.483333
10 0.489063 0.580556 0.507812 0.580556 0.507812 0.613889 0.489063 0.613889
