0 0.109375 0.255556 0.364063 0.255556 0.364063 0.294444 0.109375 0.294444
0 0.104688 0.755556 0.276562 0.755556 0.276562 0.808333 0.104688 0.808333
0 0.356250 0.566667 0.576562 0.566667 0.576562 0.622222 0.356250 0.622222
0 0.351562 0.263889 0.509375 0.263889 0.509375 0.336111 0.351562 0.336111
0 0.032813 0.497222 0.209375 0.497222 0.209375 0.575000 0.032813 0.575000
0 0.259375 0.522222 0.523438 0.522222 0.523438 0.602778 0.259375 0.602778
0 0.154688 0.355556 0.337500 0.355556 0.337500 0.411111 0.154688 0.411111
0 0.076563 0.633333 0.348438 0.633333 0.348438 0.675000 0.076563 0.675000
3 0.548438 0.205556 0.587500 0.205556 0.587500 0.380556 0.548438 0.380556
3 0.809375 0.522222 0.848437 0.522222 0.848437 0.850000 0.809375 0.850000
3 0.895312 0.277778 0.934375 0.277778 0.934375 0.452778 0.895312 0.452778
4 0.359375 0.613889 0.381250 0.547222 0.403125 0.613889
6 0.139063 0.805556 0.189062 0.805556 0.189062 0.966667 0.139063 0.966667
9 0.453125 0.452778 0.503125 0.452778 0.503125 0.519444 0.453125 0.519444
9 0.268750 0.569444 0.318750 0.569444 0.318750 0.636111 0.268750 0.636111
9 0.471875 0.577778 0.521875 0.577778 0.521875 0.644444 0.471875 0.644444
10 0.125000 0.522222 0.143750 0.522222 0.143750 0.555556 0.125000 0.555556
10 0.192188 0.380556 0.210938 0.380556 0.210938 0.413889 0.192188 0.413889
10 0.898438 0.305556 0.917188 0.305556 0.917188 0.338889 0.898438 0.338889
