0 0.548438 0.813889 0.703125 0.813889 0.703125 0.894444 0.548438 0.894444
0 0.603125 0.427778 0.829688 0.427778 0.829688 0.488889 0.603125 0.488889
0 0.362500 0.813889 0.582812 0.813889 0.582812 0.894444 0.362500 0.894444
0 0.225000 0.544444 0.459375 0.544444 0.459375 0.594444 0.225000 0.594444
3 0.351562 0.591667 0.390625 0.591667 0.390625 0.847222 0.351562 0.847222
3 0.264062 0.213889 0.303125 0.213889 0.303125 0.427778 0.264062 0.427778
4 0.606250 0.925000 0.628125 0.858333 0.650000 0.925000
4 0.489063 0.566667 0.510938 0.500000 0.532813 0.566667
4 0.514062 0.777778 0.535937 0.711111 0.557813 0.777778
4 0.845313 0.672222 0.867188 0.605556 0.889062 0.672222
6 0.745313 0.805556 0.795312 0.805556 0.795312 0.966667 0.745313 0.966667
9 0.851562 0.411111 0.901563 0.411111 0.901563 0.477778 0.851562 0.477778
9 0.609375 0.558333 0.659375 0.558333 0.659375 0.625000 0.609375 0.625000
9 0.681250 0.488889 0.731250 0.488889 0.731250 0.555556 0.681250 0.555556
10 0.364063 0.577778 0.382812 0.577778 0.382812 0.611111 0.364063 0.611111
10 0.443750 0.488889 0.462500 0.488889 0.462500 0.522222 0.443750 0.522222
