0 0.295312 0.241667 0.442188 0.241667 0.442188 0.302778 0.295312 0.302778
0 0.173437 0.633333 0.350000 0.633333 0.350000 0.675000 0.173437 0.675000
0 0.117188 0.644444 0.328125 0.644444 0.328125 0.713889 0.117188 0.713889
0 0.614062 0.780556 0.801562 0.780556 0.801562 0.855556 0.614062 0.855556
0 0.515625 0.583333 0.662500 0.583333 0.662500 0.655556 0.515625 0.655556
0 0.492188 0.355556 0.667188 0.355556 0.667188 0.397222 0.492188 0.397222
0 0.596875 0.530556 0.721875 0.530556 0.721875 0.613889 0.596875 0.613889
0 0.675000 0.602778 0.935937 0.602778 0.935937 0.658333 0.675000 0.658333
3 0.735938 0.213889 0.775000 0.213889 0.775000 0.547222 0.735938 0.547222
3 0.575000 0.608333 0.614062 0.608333 0.614062 0.830556 0.575000 0.830556
4 0.542188 0.925000 0.564063 0.858333 0.585938 0.925000
6 0.525000 0.805556 0.575000 0.805556 0.575000 0.966667 0.525000 0.966667
9 0.731250 0.397222 0.781250 0.397222 0.781250 0.463889 0.731250 0.463889
9 0.721875 0.661111 0.771875 0.661111 0.771875 0.727778 0.721875 0.727778
9 0.550000 0.558333 0.600000 0.558333 0.600000 0.625000 0.550000 0.625000
10 0.368750 0.380556 0.387500 0.380556 0.387500 0.413889 0.368750 0.413889
