0 0.207813 0.658333 0.340625 0.658333 0.340625 0.741667 0.207813 0.741667
0 0.271875 0.547222 0.525000 0.547222 0.525000 0.586111 0.271875 0.586111
0 0.079687 0.561111 0.284375 0.561111 0.284375 0.636111 0.079687 0.636111
0 0.579688 0.297222 0.801562 0.297222 0.801562 0.375000 0.579688 0.375000
0 0.089063 0.277778 0.278125 0.277778 0.278125 0.327778 0.089063 0.327778
0 0.082812 0.311111 0.262500 0.311111 0.262500 0.377778 0.082812 0.377778
0 0.335938 0.644444 0.565625 0.644444 0.565625 0.708333 0.335938 0.708333
0 0.393750 0.580556 0.639062 0.580556 0.639062 0.655556 0.393750 0.655556
3 0.229687 0.630556 0.268750 0.630556 0.268750 0.911111 0.229687 0.911111
4 0.750000 0.886111 0.771875 0.819444 0.793750 0.886111
4 0.426563 0.858333 0.448437 0.791667 0.470313 0.858333
6 0.573438 0.805556 0.623437 0.805556 0.623437 0.966667 0.573438 0.966667
9 0.715625 0.461111 0.765625 0.461111 0.765625 0.527778 0.715625 0.527778
9 0.229687 0.388889 0.279687 0.388889 0.279687 0.455556 0.229687 0.455556
10 0.562500 0.555556 0.581250 0.555556 0.581250 0.588889 0.562500 0.588889
10 0.470313 0.347222 0.489063 0.347222 0.489063 0.380556 0.470313 0.380556
