0 0.582812 0.722222 0.804688 0.722222 0.804688 0.788889 0.582812 0.788889
0 0.414062 0.469444 0.650000 0.469444 0.650000 0.530556 0.414062 0.530556
0 0.260937 0.308333 0.500000 0.308333 0.500000 0.380556 0.260937 0.380556
0 0.346875 0.802778 0.540625 0.802778 0.540625 0.852778 0.346875 0.852778
0 0.262500 0.250000 0.443750 0.250000 0.443750 0.294444 0.262500 0.294444
3 0.753125 0.630556 0.792188 0.630556 0.792188 0.841667 0.753125 0.841667
3 0.812500 0.316667 0.851562 0.316667 0.851562 0.516667 0.812500 0.516667
4 0.496875 0.663889 0.518750 0.597222 0.540625 0.663889
4 0.235937 0.983333 0.257812 0.916667 0.279687 0.983333
4 0.445312 0.738889 0.467187 0.672222 0.489063 0.738889
6 0.110937 0.805556 0.160938 0.805556 0.160938 0.966667 0.110937 0.966667
9 0.439063 0.619444 0.489063 0.619444 0.489063 0.686111 0.439063 0.686111
9 0.450000 0.202778 0.500000 0.202778 0.500000 0.269444 0.450000 0.269444
9 0.237500 0.458333 0.287500 0.458333 0.287500 0.525000 0.237500 0.525000
10 0.817187 0.152778 0.835938 0.152778 0.835938 0.186111 0.817187 0.186111
10 0.281250 0.086111 0.300000 0.086111 0.300000 0.119444 0.281250 0.119444
