0 0.273438 0.572222 0.420312 0.572222 0.420312 0.619444 0.273438 0.619444
0 0.218750 0.602778 0.370312 0.602778 0.370312 0.675000 0.218750 0.675000
0 0.393750 0.483333 0.651563 0.483333 0.651563 0.558333 0.393750 0.558333
0 0.500000 0.750000 0.770312 0.750000 0.770312 0.800000 0.500000 0.800000
3 0.204687 0.513889 0.243750 0.513889 0.243750 0.788889 0.204687 0.788889
3 0.698438 0.363889 0.737500 0.363889 0.737500 0.536111 0.698438 0.536111
4 0.409375 0.880556 0.431250 0.813889 0.453125 0.880556
4 0.773438 0.733333 0.795312 0.666667 0.817187 0.733333
4 0.642188 0.636111 0.664062 0.569444 0.685937 0.636111
6 0.618750 0.805556 0.668750 0.805556 0.668750 0.966667 0.618750 0.966667
9 0.651563 0.208333 0.701562 0.208333 0.701562 0.275000 0.651563 0.275000
9 0.714063 0.361111 0.764062 0.361111 0.764062 0.427778 0.714063 0.427778
9 0.381250 0.252778 0.431250 0.252778 0.431250 0.319444 0.381250 0.319444
10 0.207813 0.552778 0.226562 0.552778 0.226562 0.586111 0.207813 0.586111
10 0.401562 0.538889 0.420312 0.538889 0.420312 0.572222 0.401562 0.572222
