0 0.531250 0.372222 0.707812 0.372222 0.707812 0.416667 0.531250 0.416667
0 0.156250 0.391667 0.315625 0.391667 0.315625 0.436111 0.156250 0.436111
0 0.156250 0.222222 0.362500 0.222222 0.362500 0.300000 0.156250 0.300000
0 0.581250 0.644444 0.800000 0.644444 0.800000 0.708333 0.581250 0.708333
0 0.056250 0.386111 0.237500 0.386111 0.237500 0.450000 0.056250 0.450000
3 0.771875 0.216667 0.810937 0.216667 0.810937 0.502778 0.771875 0.502778
3 0.420312 0.352778 0.459375 0.352778 0.459375 0.658333 0.420312 0.658333
3 0.362500 0.466667 0.401562 0.466667 0.401562 0.652778 0.362500 0.652778
4 0.300000 0.755556 0.321875 0.688889 0.343750 0.755556
4 0.289062 0.616667 0.310937 0.550000 0.332813 0.616667
6 0.126562 0.805556 0.176563 0.805556 0.176563 0.966667 0.126562 0.966667
9 0.568750 0.588889 0.618750 0.588889 0.618750 0.655556 0.568750 0.655556
10 0.523438 0.394444 0.542188 0.394444 0.542188 0.427778 0.523438 0.427778
10 0.260937 0.413889 0.279687 0.413889 0.279687 0.447222 0.260937 0.447222
10 0.548438 0.580556 0.567187 0.580556 0.567187 0.613889 0.548438 0.613889
