0 0.051562 0.516667 0.185938 0.516667 0.185938 0.588889 0.051562 0.588889
0 0.432812 0.486111 0.604688 0.486111 0.604688 0.558333 0.432812 0.558333
0 0.095312 0.486111 0.264062 0.486111 0.264062 0.525000 0.095312 0.525000
0 0.285938 0.291667 0.553125 0.291667 0.553125 0.358333 0.285938 0.358333
0 0.664062 0.325000 0.815625 0.325000 0.815625 0.366667 0.664062 0.366667
0 0.259375 0.811111 0.478125 0.811111 0.478125 0.861111 0.259375 0.861111
3 0.796875 0.483333 0.835938 0.483333 0.835938 0.758333 0.796875 0.758333
3 0.054688 0.222222 0.093750 0.222222 0.093750 0.391667 0.054688 0.391667
3 0.456250 0.319444 0.495312 0.319444 0.495312 0.633333 0.456250 0.633333
4 0.906250 0.866667 0.928125 0.800000 0.950000 0.866667
4 0.239063 0.769444 0.260937 0.702778 0.282813 0.769444
6 0.410938 0.805556 0.460938 0.805556 0.460938 0.966667 0.410938 0.966667
9 0.271875 0.200000 0.321875 0.200000 0.321875 0.266667 0.271875 0.266667
9 0.459375 0.463889 0.509375 0.463889 0.509375 0.530556 0.459375 0.530556
10 0.793750 0.127778 0.812500 0.127778 0.812500 0.161111 0.793750 0.161111
10 0.239063 0.677778 0.257812 0.677778 0.257812 0.711111 0.239063 0.711111
10 0.860938 0.505556 0.879687 0.505556 0.879687 0.538889 0.860938 0.538889
