0 0.515625 0.322222 0.703125 0.322222 0.703125 0.388889 0.515625 0.388889
0 0.617188 0.833333 0.810937 0.833333 0.810937 0.905556 0.617188 0.905556
0 0.134375 0.761111 0.332813 0.761111 0.332813 0.844444 0.134375 0.844444
0 0.479687 0.297222 0.667188 0.297222 0.667188 0.355556 0.479687 0.355556
0 0.403125 0.308333 0.581250 0.308333 0.581250 0.386111 0.403125 0.386111
0 0.228125 0.322222 0.371875 0.322222 0.371875 0.363889 0.228125 0.363889
3 0.660937 0.602778 0.700000 0.602778 0.700000 0.841667 0.660937 0.841667
3 0.443750 0.277778 0.482812 0.277778 0.482812 0.588889 0.443750 0.588889
4 0.562500 0.700000 0.584375 0.633333 0.606250 0.700000
4 0.317188 0.919444 0.339062 0.852778 0.360938 0.919444
4 0.885938 0.897222 0.907813 0.830556 0.929688 0.897222
6 0.828125 0.805556 0.878125 0.805556 0.878125 0.966667 0.828125 0.966667
9 0.873437 0.180556 0.923438 0.180556 0.923438 0.247222 0.873437 0.247222
9 0.221875 0.444444 0.271875 0.444444 0.271875 0.511111 0.221875 0.511111
10 0.793750 0.252778 0.812500 0.252778 0.812500 0.286111 0.793750 0.286111
10 0.406250 0.497222 0.425000 0.497222 0.425000 0.530556 0.406250 0.530556
10 0.626563 0.116667 0.645312 0.116667 0.645312 0.150000 0.626563 0.150000
