0 0.546875 0.727778 0.768750 0.727778 0.768750 0.805556 0.546875 0.805556
0 0.664062 0.233333 0.806250 0.233333 0.806250 0.297222 0.664062 0.297222
0 0.207813 0.508333 0.470313 0.508333 0.470313 0.566667 0.207813 0.566667
0 0.275000 0.691667 0.515625 0.691667 0.515625 0.761111 0.275000 0.761111
0 0.409375 0.613889 0.639062 0.613889 0.639062 0.683333 0.409375 0.683333
0 0.370312 0.750000 0.604688 0.750000 0.604688 0.816667 0.370312 0.816667
0 0.312500 0.719444 0.528125 0.719444 0.528125 0.780556 0.312500 0.780556
3 0.448437 0.330556 0.487500 0.330556 0.487500 0.516667 0.448437 0.516667
3 0.354687 0.388889 0.393750 0.388889 0.393750 0.575000 0.354687 0.575000
4 0.368750 0.719444 0.390625 0.652778 0.412500 0.719444
4 0.835938 0.761111 0.857812 0.694444 0.879687 0.761111
6 0.870313 0.805556 0.920312 0.805556 0.920312 0.966667 0.870313 0.966667
9 0.529687 0.236111 0.579688 0.236111 0.579688 0.302778 0.529687 0.302778
9 0.387500 0.375000 0.437500 0.375000 0.437500 0.441667 0.387500 0.441667
9 0.440625 0.422222 0.490625 0.422222 0.490625 0.488889 0.440625 0.488889
10 0.545312 0.091667 0.564063 0.091667 0.564063 0.125000 0.545312 0.125000
