0 0.151562 0.386111 0.353125 0.386111 0.353125 0.436111 0.151562 0.436111
0 0.595313 0.372222 0.732812 0.372222 0.732812 0.447222 0.595313 0.447222
0 0.356250 0.455556 0.589063 0.455556 0.589063 0.533333 0.356250 0.533333
0 0.362500 0.263889 0.528125 0.263889 0.528125 0.338889 0.362500 0.338889
0 0.342187 0.769444 0.582812 0.769444 0.582812 0.808333 0.342187 0.808333
3 0.654687 0.505556 0.693750 0.505556 0.693750 0.672222 0.654687 0.672222
3 0.609375 0.377778 0.648438 0.377778 0.648438 0.677778 0.609375 0.677778
3 0.670312 0.463889 0.709375 0.463889 0.709375 0.725000 0.670312 0.725000
4 0.842187 0.722222 0.864062 0.655556 0.885938 0.722222
4 0.498437 0.875000 0.520312 0.808333 0.542188 0.875000
6 0.807813 0.805556 0.857812 0.805556 0.857812 0.966667 0.807813 0.966667
9 0.700000 0.405556 0.750000 0.405556 0.750000 0.472222 0.700000 0.472222
10 0.709375 0.597222 0.728125 0.597222 0.728125 0.630556 0.709375 0.630556
10 0.326562 0.680556 0.345313 0.680556 0.345313 0.713889 0.326562 0.713889
10 0.809375 0.736111 0.828125 0.736111 0.828125 0.769444 0.809375 0.769444
