0 0.193750 0.697222 0.460938 0.697222 0.460938 0.763889 0.193750 0.763889
0 0.221875 0.408333 0.425000 0.408333 0.425000 0.458333 0.221875 0.458333
0 0.567187 0.680556 0.751563 0.680556 0.751563 0.758333 0.567187 0.758333
0 0.282813 0.755556 0.421875 0.755556 0.421875 0.794444 0.282813 0.794444
0 0.396875 0.663889 0.634375 0.663889 0.634375 0.711111 0.396875 0.711111
0 0.089063 0.602778 0.256250 0.602778 0.256250 0.686111 0.089063 0.686111
3 0.257812 0.413889 0.296875 0.413889 0.296875 0.736111 0.257812 0.736111
3 0.156250 0.338889 0.195312 0.338889 0.195312 0.569444 0.156250 0.569444
4 0.314063 0.877778 0.335938 0.811111 0.357812 0.877778
4 0.931250 0.780556 0.953125 0.713889 0.975000 0.780556
4 0.907813 0.572222 0.929688 0.505556 0.951562 0.572222
6 0.509375 0.805556 0.559375 0.805556 0.559375 0.966667 0.509375 0.966667
9 0.243750 0.261111 0.293750 0.261111 0.293750 0.327778 0.243750 0.327778
9 0.500000 0.247222 0.550000 0.247222 0.550000 0.313889 0.500000 0.313889
9 0.248438 0.694444 0.298438 0.694444 0.298438 0.761111 0.248438 0.761111
10 0.310937 0.275000 0.329688 0.275000 0.329688 0.308333 0.310937 0.308333
10 0.512500 0.511111 0.531250 0.511111 0.531250 0.544444 0.512500 0.544444
10 0.398438 0.591667 0.417187 0.591667 0.417187 0.625000 0.398438 0.625000
