0 0.437500 0.505556 0.662500 0.505556 0.662500 0.547222 0.437500 0.547222
0 0.067187 0.247222 0.218750 0.247222 0.218750 0.313889 0.067187 0.313889
0 0.673438 0.558333 0.901563 0.558333 0.901563 0.636111 0.673438 0.636111
0 0.150000 0.652778 0.376563 0.652778 0.376563 0.702778 0.150000 0.702778
0 0.292187 0.655556 0.479687 0.655556 0.479687 0.708333 0.292187 0.708333
0 0.345313 0.658333 0.617188 0.658333 0.617188 0.722222 0.345313 0.722222
0 0.504687 0.461111 0.729688 0.461111 0.729688 0.544444 0.504687 0.544444
0 0.456250 0.569444 0.721875 0.569444 0.721875 0.633333 0.456250 0.633333
3 0.073438 0.427778 0.112500 0.427778 0.112500 0.652778 0.073438 0.652778
3 0.221875 0.461111 0.260937 0.461111 0.260937 0.730556 0.221875 0.730556
4 0.104688 0.902778 0.126562 0.836111 0.148438 0.902778
4 0.485938 0.977778 0.507812 0.911111 0.529687 0.977778
4 0.426563 0.602778 0.448437 0.536111 0.470313 0.602778
6 0.798438 0.805556 0.848437 0.805556 0.848437 0.966667 0.798438 0.966667
9 0.915625 0.613889 0.965625 0.613889 0.965625 0.680556 0.915625 0.680556
10 0.670312 0.186111 0.689063 0.186111 0.689063 0.219444 0.670312 0.219444
10 0.450000 0.105556 0.468750 0.105556 0.468750 0.138889 0.450000 0.138889
10 0.237500 0.216667 0.256250 0.216667 0.256250 0.250000 0.237500 0.250000
